'c67349b77573d31',3000,103000,,'',0,8500,4,'',0,1500,,'',0,8500,4,'',0,1500,,'',0,8500,4,'',0,1500,,'',0,8500,4,'',0,1500,,'',0,8500,4,'',0,1500,,'',0,8500,4,'',0,1500,,'',0,8500,4,'',0
'c67349b77573d31',3100,65000,4,'',0,5000,,'',0,5000,4,'',0,5000,,'',0,5000,4,'',0,5000,,'',0,5000,4,'',0,5000,,'',0,5000,4,'',0,5000,,'',0,5000,4,'',0,5000,,'',0,5000,4,'',0,5000,,'',0,5000,4,'',0,5000,,'',0,5000,4,'',0,5000,,'',0,5000,4,'',0,5000,,'',0,5000,4,'',0,5000,,'',0,5000,4,'',0,5000,,'',0,5000,4,'',0
'c67349b77573d32',3100,80000,,'',0,5000,4,'',0,5000,,'',0,5000,4,'',0,5000,,'',0,5000,4,'',0,5000,,'',0,5000,4,'',0,5000,,'',0,5000,4,'',0,5000,,'',0,5000,4,'',0,5000,,'',0,5000,4,'',0,5000,,'',0,5000,4,'',0,5000,,'',0,5000,4,'',0,5000,,'',0,5000,4,'',0
'c67349b77573d31',3200,65000,4,'',0,5000,,'',0,5000,4,'',0,5000,,'',0,5000,4,'',0,5000,,'',0,5000,4,'',0,5000,,'',0,5000,4,'',0,5000,,'',0,5000,4,'',0,5000,,'',0,5000,4,'',0,5000,,'',0,5000,4,'',0,5000,,'',0,5000,4,'',0,5000,,'',0,5000,4,'',0,5000,,'',0,5000,4,'',0,5000,,'',0,5000,4,'',0,5000,,'',0,5000,4,'',0
'c67349b77573d32',3200,80000,,'',0,5000,4,'',0,5000,,'',0,5000,4,'',0,5000,,'',0,5000,4,'',0,5000,,'',0,5000,4,'',0,5000,,'',0,5000,4,'',0,5000,,'',0,5000,4,'',0,5000,,'',0,5000,4,'',0,5000,,'',0,5000,4,'',0,5000,,'',0,5000,4,'',0,5000,,'',0,5000,4,'',0
'c67349b77573d31',3300,65000,4,'',0,5000,,'',0,5000,4,'',0,5000,,'',0,5000,4,'',0,5000,,'',0,5000,4,'',0,5000,,'',0,5000,4,'',0,5000,,'',0,5000,4,'',0,5000,,'',0,5000,4,'',0,5000,,'',0,5000,4,'',0,5000,,'',0,5000,4,'',0,5000,,'',0,5000,4,'',0,5000,,'',0,5000,4,'',0,5000,,'',0,5000,4,'',0,5000,,'',0,5000,4,'',0
'c67349b77573d32',3300,80000,,'',0,5000,4,'',0,5000,,'',0,5000,4,'',0,5000,,'',0,5000,4,'',0,5000,,'',0,5000,4,'',0,5000,,'',0,5000,4,'',0,5000,,'',0,5000,4,'',0,5000,,'',0,5000,4,'',0,5000,,'',0,5000,4,'',0,5000,,'',0,5000,4,'',0,5000,,'',0,5000,4,'',0
'c67349b77573d31',4500,63000,,'',0,2200,4,'',0,4800,,'',0,2200,4,'',0,800,,'',0,2200,4,'',0,4800,,'',0,2200,4,'',0,800,,'',0,2200,4,'',0,4800,,'',0,2000,,'',0,200,4,'',0,1800,,'',0,700,4,'',0,5300,,'',0,700,4,'',0,1300,,'',0,700,4,'',0,1300,,'',0,700,4,'',0,5300,,'',0,700,4,'',0,1300,,'',0,700,4,'',0,1300,,'',0,700,4,'',0,5300,,'',0,700,4,'',0,1300,,'',0,700,4,'',0,1300,,'',0,700,4,'',0,5300,,'',0,700,4,'',0,1300,,'',0,700,4,'',0,1300,,'',0,700,4,'',0,5300,,'',0,700,4,'',0,1300,,'',0,700,4,'',0,1300,,'',0,700,4,'',0,5300,,'',0,700,4,'',0,1300,,'',0,700,4,'',0,1300,,'',0,700,4,'',0,5300,,'',0,700,4,'',0,1300,,'',0,700,4,'',0,2000,4,'',0,5300,,'',0,2200,4,'',0,800,,'',0,2200,4,'',0,4800,,'',0,2200,4,'',0,800,,'',0,2200,4,'',0
'c67349b77573d32',4500,80000,,'',0,2200,4,'',0,800,,'',0,2200,4,'',0,4800,,'',0,2200,4,'',0,800,,'',0,2200,4,'',0,4800,,'',0,2700,4,'',0,1300,,'',0,6700,4,'',0,1300,,'',0,2700,4,'',0,5300,,'',0,2700,4,'',0,1300,,'',0,6700,4,'',0,1300,,'',0,2700,4,'',0,5300,,'',0,2700,4,'',0,1300,,'',0,6700,4,'',0,1300,,'',0,2700,4,'',0,5300,,'',0,2200,4,'',0,800,,'',0,2200,4,'',0,4800,,'',0,2200,4,'',0,800,,'',0,2200,4,'',0
'c67349b77573d31',4600,122800,,'',0,10000,,'',0,10000,,'',0,10000,,'',0,10000,,'',0
'c67349b77573d31',41100,81000,,'',0,9000,,'',0,30000,,'',0,22000,,'',0,28000,,'',0
'c67349b77573d31',41101,72700,4,'',0,11800,4,'',0,9000,4,'',0,30000,4,'',0,22000,4,'',0,28000,4,'',0
'c67349b77573d32',41100,90000,,'',0,60000,,'',0
'c67349b77573d32',41101,93500,4,'',0,60000,4,'',0
'c67349b77573d31',1100000,63500,,'',0,40000,,'',0,30000,,'',0,40000,,'',0
'c67349b77573d31',1100001,74000,4,'',0,38000,4,'',0,30000,4,'',0,40000,4,'',0
