3009,770744,1,0
3009,770717,2,0
3009,770565,3,0
3009,770685,4,0
3009,770585,5,0
3009,770686,6,0
3009,770687,7,0
3009,770688,8,0
3009,770586,9,0
3009,770689,10,0
3009,770690,11,0
3009,770691,12,0
3009,770692,13,0
3009,770634,14,0
3009,770560,15,0
3009,770562,16,0
3009,770572,17,0
3009,770582,18,0
3009,770736,19,0
3009,770587,20,0
3009,770595,21,0
3009,770657,22,0
3009,770606,23,0
3009,770613,24,0
3009,770624,25,0
3009,770635,26,0
3009,770563,27,0
3009,770554,28,0
3009,770700,29,0
3009,770701,30,0
3009,770702,31,0
3009,770704,32,0
3009,770705,33,0
3009,770706,34,0
3009,770666,35,0
3009,770667,36,0
3009,770668,37,0
3009,770669,38,0
3009,770670,39,0
3009,770671,40,0
3009,770673,41,0
3009,770674,42,0
3009,770739,43,0
3009,770675,44,0
3009,770676,45,1
3109,770744,1,0
3109,770539,2,0
3109,770623,3,0
3109,770661,4,0
3109,770740,5,0
3109,770672,6,0
3109,770683,7,0
3109,770693,8,0
3109,770703,9,0
3109,770715,10,0
3109,770725,11,0
3109,770540,12,0
3109,770550,13,0
3109,770634,14,0
3109,770560,15,0
3109,770562,16,0
3109,770572,17,0
3109,770582,18,0
3109,770736,19,0
3109,770587,20,0
3109,770595,21,0
3109,770606,22,0
3109,770613,23,0
3109,770624,24,0
3109,770635,25,0
3109,770563,26,0
3109,770554,27,0
3109,770656,28,0
3109,770697,29,0
3109,770657,30,0
3109,770658,31,0
3109,770659,32,0
3109,770737,33,0
3109,770660,34,0
3109,770662,35,0
3109,770663,36,0
3109,770664,37,0
3109,770665,38,0
3109,770666,39,0
3109,770667,40,0
3109,770668,41,0
3109,770669,42,0
3109,770670,43,0
3109,770671,44,0
3109,770673,45,0
3109,770674,46,0
3109,770739,47,0
3109,770675,48,0
3109,770676,49,0
3109,2577977,50,1
3209,770744,1,0
3209,770679,2,0
3209,770680,3,0
3209,770681,4,0
3209,770682,5,0
3209,770714,6,0
3209,770684,7,0
3209,809019,8,0
3209,770585,9,0
3209,770686,10,0
3209,770687,11,0
3209,770688,12,0
3209,770586,13,0
3209,770689,14,0
3209,770690,15,0
3209,770691,16,0
3209,770692,17,0
3209,770694,18,0
3209,770695,19,0
3209,770696,20,0
3209,771472,21,0
3209,770698,22,0
3209,770574,23,0
3209,770699,24,0
3209,770700,25,0
3209,770701,26,0
3209,770702,27,0
3209,770704,28,0
3209,770705,29,0
3209,770706,30,0
3209,770707,31,0
3209,770708,32,0
3209,770710,33,0
3209,770711,34,0
3209,770712,35,0
3209,770713,36,0
3209,770716,37,1
3309,770744,1,0
3309,770717,2,0
3309,770718,3,0
3309,770719,4,0
3309,770720,5,0
3309,770574,6,0
3309,770721,7,0
3309,770722,8,0
3309,770723,9,0
3309,770726,10,0
3309,770727,11,0
3309,770728,12,0
3309,770729,13,0
3309,770730,14,0
3309,770731,15,0
3309,770732,16,0
3309,770733,17,0
3309,781801,18,0
3309,770734,19,0
3309,770735,20,0
3309,770541,21,0
3309,770542,22,0
3309,770576,23,0
3309,808168,24,0
3309,808169,25,0
3309,770561,26,0
3309,770545,27,0
3309,770546,28,0
3309,770547,29,0
3309,770548,30,0
3309,770549,31,0
3309,770551,32,0
3309,770552,33,0
3309,770553,34,0
3309,770563,35,0
3309,770554,36,0
3309,770555,37,0
3309,770556,38,0
3309,808171,39,0
3309,808173,40,0
3309,770688,41,1
4409,770567,1,0
4409,770738,2,0
4409,770568,3,0
4409,770569,4,0
4409,770570,5,0
4409,770571,6,0
4409,770573,7,0
4409,770720,8,0
4409,770574,9,0
4409,818208,10,0
4409,818209,11,0
4409,770575,12,0
4409,818210,13,0
4409,818211,14,0
4409,770741,15,0
4409,770542,16,0
4409,770576,17,0
4409,2430990,18,0
4409,770561,19,0
4409,770545,20,0
4409,770546,21,0
4409,770547,22,0
4409,770548,23,0
4409,770549,24,0
4409,770551,25,0
4409,770552,26,0
4409,770553,27,0
4409,770563,28,0
4409,770554,29,0
4409,770742,30,0
4409,770564,31,0
4409,770565,32,0
4409,770566,33,1
4509,770744,1,0
4509,770577,2,0
4509,770578,3,0
4509,770579,4,0
4509,770580,5,0
4509,770581,6,0
4509,770569,7,0
4509,808172,8,0
4509,770567,9,0
4509,781817,10,0
4509,770584,11,0
4509,770573,12,0
4509,770585,13,0
4509,770686,14,0
4509,770687,15,0
4509,770688,16,1
5709,770567,1,0
5709,770621,2,0
5709,770622,3,0
5709,770625,4,0
5709,770626,5,0
5709,770627,6,0
5709,770628,7,0
5709,770629,8,0
5709,770630,9,0
5709,770631,10,0
5709,770632,11,0
5709,770633,12,0
5709,770568,13,0
5709,770569,14,0
5709,781805,15,0
5709,808183,16,0
5709,808184,17,0
5709,770636,18,0
5709,770637,19,0
5709,770638,20,0
5709,770639,21,0
5709,770640,22,0
5709,770602,23,0
5709,770642,24,0
5709,770643,25,0
5709,770644,26,0
5709,770645,27,0
5709,770646,28,0
5709,770596,29,0
5709,771469,30,0
5709,770648,31,0
5709,770649,32,0
5709,770650,33,0
5709,770592,34,0
5709,770651,35,0
5709,770652,36,0
5709,770653,37,0
5709,770654,38,0
5709,770655,39,0
5709,770685,40,0
5709,781807,41,0
5709,770566,42,0
5709,781818,43,1
