3101,770656,1,0
3101,770697,2,0
3101,770657,3,0
3101,770658,4,0
3101,770659,5,0
3101,770737,6,0
3101,770660,7,0
3101,770662,8,0
3101,770663,9,0
3101,770664,10,0
3101,770665,11,0
3101,770666,12,0
3101,770667,13,0
3101,770668,14,0
3101,770669,15,0
3101,770670,16,0
3101,770671,17,0
3101,770673,18,0
3101,770674,19,0
3101,770739,20,0
3101,770675,21,0
3101,770676,22,0
3101,770623,23,0
3101,770539,24,0
3101,770744,25,1
3102,770744,1,0
3102,770661,2,0
3102,770740,3,0
3102,770672,4,0
3102,770683,5,0
3102,770693,6,0
3102,770703,7,0
3102,770715,8,0
3102,770725,9,0
3102,770540,10,0
3102,770550,11,0
3102,770634,12,0
3102,770560,13,0
3102,770562,14,0
3102,770572,15,0
3102,770582,16,0
3102,770736,17,0
3102,770587,18,0
3102,770595,19,0
3102,770606,20,0
3102,770613,21,0
3102,770624,22,0
3102,770635,23,0
3102,770563,24,0
3102,770554,25,0
3102,770656,26,1
3201,770699,1,0
3201,770700,2,0
3201,770701,3,0
3201,770702,4,0
3201,770704,5,0
3201,770705,6,0
3201,770706,7,0
3201,770707,8,0
3201,770708,9,0
3201,770690,10,0
3201,770710,11,0
3201,770711,12,0
3201,770712,13,0
3201,770713,14,0
3201,770716,15,0
3201,770744,16,1
3202,770744,1,0
3202,770679,2,0
3202,770680,3,0
3202,770681,4,0
3202,770682,5,0
3202,770714,6,0
3202,770684,7,0
3202,809019,8,0
3202,770585,9,0
3202,770686,10,0
3202,770687,11,0
3202,770688,12,0
3202,770586,13,0
3202,770689,14,0
3202,770690,15,0
3202,770691,16,0
3202,770692,17,0
3202,770694,18,0
3202,770695,19,0
3202,770696,20,0
3202,771472,21,0
3202,770656,22,0
3202,770574,23,0
3202,770699,24,1
3301,770561,1,0
3301,770545,2,0
3301,770546,3,0
3301,770547,4,0
3301,770548,5,0
3301,770549,6,0
3301,770551,7,0
3301,770552,8,0
3301,770553,9,0
3301,770563,10,0
3301,770554,11,0
3301,770555,12,0
3301,770556,13,0
3301,808171,14,0
3301,808173,15,0
3301,770688,16,0
3301,770744,17,1
3302,770744,1,0
3302,770717,2,0
3302,770718,3,0
3302,770719,4,0
3302,770720,5,0
3302,770574,6,0
3302,770721,7,0
3302,770722,8,0
3302,770723,9,0
3302,770726,10,0
3302,770727,11,0
3302,770728,12,0
3302,770729,13,0
3302,770730,14,0
3302,770731,15,0
3302,770732,16,0
3302,770733,17,0
3302,781801,18,0
3302,770734,19,0
3302,770735,20,0
3302,770541,21,0
3302,770542,22,0
3302,770576,23,0
3302,808168,24,0
3302,808169,25,0
3302,770561,26,1
4401,770561,1,0
4401,770545,2,0
4401,770546,3,0
4401,770547,4,0
4401,770548,5,0
4401,770549,6,0
4401,770551,7,0
4401,770552,8,0
4401,770553,9,0
4401,770563,10,0
4401,770554,11,0
4401,770742,12,0
4401,770564,13,0
4401,770565,14,0
4401,770566,15,0
4401,770567,16,1
4402,770567,1,0
4402,770738,2,0
4402,770568,3,0
4402,770569,4,0
4402,770570,5,0
4402,770571,6,0
4402,770573,7,0
4402,770720,8,0
4402,770574,9,0
4402,818208,10,0
4402,818209,11,0
4402,770575,12,0
4402,818210,13,0
4402,818211,14,0
4402,770741,15,0
4402,770542,16,0
4402,770576,17,0
4402,2430990,18,0
4402,770561,19,1
4501,770744,1,0
4501,770577,2,0
4501,770578,3,0
4501,770579,4,0
4501,770580,5,0
4501,770581,6,0
4501,770569,7,0
4501,808172,8,0
4501,770567,9,1
4502,770567,1,0
4502,781817,2,0
4502,770584,3,0
4502,770573,4,0
4502,770585,5,0
4502,770686,6,0
4502,770687,7,0
4502,770688,8,0
4502,770744,9,1
5701,770636,1,0
5701,770637,2,0
5701,770638,3,0
5701,770639,4,0
5701,770640,5,0
5701,770602,6,0
5701,770642,7,0
5701,770643,8,0
5701,770644,9,0
5701,770645,10,0
5701,770646,11,0
5701,770596,12,0
5701,771469,13,0
5701,770648,14,0
5701,770649,15,0
5701,770592,16,0
5701,770650,17,0
5701,770651,18,0
5701,770652,19,0
5701,770653,20,0
5701,770654,21,0
5701,770655,22,0
5701,770685,23,0
5701,781807,24,0
5701,770566,25,0
5701,770567,26,1
5702,770567,1,0
5702,770621,2,0
5702,770622,3,0
5702,770625,4,0
5702,770626,5,0
5702,770627,6,0
5702,770628,7,0
5702,770629,8,0
5702,770630,9,0
5702,770631,10,0
5702,770632,11,0
5702,770633,12,0
5702,770568,13,0
5702,770569,14,0
5702,781805,15,0
5702,808183,16,0
5702,808184,17,0
5702,770636,18,1
