3000,'c_71429_b_85183_d_31',1030,,1,1,,,0,85,,1,47,4,,0,15,,2,1,,,0,85,,2,47,4,,0,15,,3,1,,,0,85,,3,47,4,,0,15,,4,1,,,0,85,,4,47,4,,0,15,,5,1,,,0,85,,5,47,4,,0,15,,6,1,,,0,85,,6,47,4,,0,15,,7,1,,,0,85,,7,47,4,,0
3100,'c_71429_b_85183_d_31',650,,15,24,4,,0,50,,11,1,,,0,50,,11,51,4,,0,50,,12,1,,,0,50,,12,51,4,,0,50,,13,1,,,0,50,,13,51,4,,0,50,,14,1,,,0,50,,14,51,4,,0,50,,17,1,,,0,50,,17,51,4,,0,50,,19,1,,,0,50,,19,51,4,,0,50,,9,1,,,0,50,,9,51,4,,0,50,,20,1,,,0,50,,20,51,4,,0,50,,10,1,,,0,50,,10,51,4,,0,50,,16,1,,,0,50,,16,51,4,,0,50,,8,1,,,0,50,,8,51,4,,0,50,,18,1,,,0,50,,18,51,4,,0
3100,'c_71429_b_85183_d_32',800,,30,1,,,0,50,,30,51,4,,0,50,,28,1,,,0,50,,28,51,4,,0,50,,22,1,,,0,50,,22,51,4,,0,50,,23,1,,,0,50,,23,51,4,,0,50,,29,1,,,0,50,,29,51,4,,0,50,,26,1,,,0,50,,26,51,4,,0,50,,24,1,,,0,50,,24,51,4,,0,50,,27,1,,,0,50,,27,51,4,,0,50,,25,1,,,0,50,,25,51,4,,0,50,,21,1,,,0,50,,21,51,4,,0
3200,'c_71429_b_85183_d_31',650,,33,16,4,,0,50,,39,1,,,0,50,,39,39,4,,0,50,,40,1,,,0,50,,40,39,4,,0,50,,41,1,,,0,50,,41,39,4,,0,50,,42,1,,,0,50,,42,39,4,,0,50,,35,1,,,0,50,,35,39,4,,0,50,,34,1,,,0,50,,34,39,4,,0,50,,36,1,,,0,50,,36,39,4,,0,50,,31,1,,,0,50,,31,39,4,,0,50,,37,1,,,0,50,,37,39,4,,0,50,,38,1,,,0,50,,38,39,4,,0,50,,32,1,,,0,50,,32,39,4,,0,50,,43,1,,,0,50,,43,39,4,,0
3200,'c_71429_b_85183_d_32',800,,44,1,,,0,50,,44,39,4,,0,50,,46,1,,,0,50,,46,39,4,,0,50,,47,1,,,0,50,,47,39,4,,0,50,,48,1,,,0,50,,48,39,4,,0,50,,49,1,,,0,50,,49,39,4,,0,50,,50,1,,,0,50,,50,39,4,,0,50,,51,1,,,0,50,,51,39,4,,0,50,,52,1,,,0,50,,52,39,4,,0,50,,53,1,,,0,50,,53,39,4,,0,50,,45,1,,,0,50,,45,39,4,,0
3300,'c_71429_b_85183_d_31',650,,54,10,4,,0,50,,55,1,,,0,50,,55,42,4,,0,50,,59,1,,,0,50,,59,42,4,,0,50,,60,1,,,0,50,,60,42,4,,0,50,,61,1,,,0,50,,61,42,4,,0,50,,62,1,,,0,50,,62,42,4,,0,50,,63,1,,,0,50,,63,42,4,,0,50,,64,1,,,0,50,,64,42,4,,0,50,,65,1,,,0,50,,65,42,4,,0,50,,66,1,,,0,50,,66,42,4,,0,50,,56,1,,,0,50,,56,42,4,,0,50,,57,1,,,0,50,,57,42,4,,0,50,,58,1,,,0,50,,58,42,4,,0
3300,'c_71429_b_85183_d_32',800,,67,1,,,0,50,,67,42,4,,0,50,,69,1,,,0,50,,69,42,4,,0,50,,70,1,,,0,50,,70,42,4,,0,50,,71,1,,,0,50,,71,42,4,,0,50,,72,1,,,0,50,,72,42,4,,0,50,,73,1,,,0,50,,73,42,4,,0,50,,74,1,,,0,50,,74,42,4,,0,50,,75,1,,,0,50,,75,42,4,,0,50,,76,1,,,0,50,,76,42,4,,0,50,,68,1,,,0,50,,68,42,4,,0
4500,'c_71429_b_85183_d_31',630,,101,1,,,0,22,,101,17,4,,0,48,,102,1,,,0,22,,102,17,4,,0,8,,103,1,,,0,22,,103,17,4,,0,48,,104,1,,,0,22,,104,17,4,,0,8,,105,1,,,0,22,,105,17,4,,0,48,,110,1,,,0,20,,90,1,,,0,2,,110,17,4,,0,18,,111,1,,,0,7,,90,17,4,,0,53,,93,1,,,0,7,,111,17,4,,0,13,,112,1,,,0,7,,93,17,4,,0,13,,94,1,,,0,7,,112,17,4,,0,53,,113,1,,,0,7,,94,17,4,,0,13,,95,1,,,0,7,,113,17,4,,0,13,,114,1,,,0,7,,95,17,4,,0,53,,96,1,,,0,7,,114,17,4,,0,13,,115,1,,,0,7,,96,17,4,,0,13,,97,1,,,0,7,,115,17,4,,0,53,,116,1,,,0,7,,97,17,4,,0,13,,98,1,,,0,7,,116,17,4,,0,13,,117,1,,,0,7,,98,17,4,,0,53,,99,1,,,0,7,,117,17,4,,0,13,,118,1,,,0,7,,99,17,4,,0,13,,100,1,,,0,7,,118,17,4,,0,53,,119,1,,,0,7,,100,17,4,,0,13,,91,1,,,0,7,,119,17,4,,0,13,,120,1,,,0,7,,91,17,4,,0,53,,92,1,,,0,7,,120,17,4,,0,13,,121,1,,,0,7,,92,17,4,,0,3,,122,1,,,0,17,,121,17,4,,0,10,,122,17,4,,0,43,,106,1,,,0,22,,106,17,4,,0,8,,107,1,,,0,22,,107,17,4,,0,48,,108,1,,,0,22,,108,17,4,,0,8,,109,1,,,0,22,,109,17,4,,0
4500,'c_71429_b_85183_d_32',800,,127,1,,,0,22,,127,17,4,,0,8,,128,1,,,0,22,,128,17,4,,0,48,,129,1,,,0,22,,129,17,4,,0,8,,130,1,,,0,22,,130,17,4,,0,48,,131,1,,,0,27,,131,17,4,,0,13,,132,1,,,0,67,,132,17,4,,0,13,,133,1,,,0,27,,133,17,4,,0,53,,134,1,,,0,27,,134,17,4,,0,13,,135,1,,,0,67,,135,17,4,,0,13,,136,1,,,0,27,,136,17,4,,0,53,,137,1,,,0,27,,137,17,4,,0,13,,138,1,,,0,67,,138,17,4,,0,13,,139,1,,,0,27,,139,17,4,,0,53,,123,1,,,0,22,,123,17,4,,0,8,,124,1,,,0,22,,124,17,4,,0,48,,125,1,,,0,22,,125,17,4,,0,8,,126,1,,,0,22,,126,17,4,,0
4600,'c_71429_b_85183_d_31',1128,,140,30,,,0,100,,141,30,,,0,100,,142,30,,,0,100,,143,30,,,0,100,,144,30,,,0,100,,145,30,,,0
41100,'c_71429_b_85183_d_31',715,,169,1,,,0,100,,170,1,,,0,100,,171,1,,,0,200,,172,1,,,0,100,,173,1,,,0,200,,174,1,,,0,100,,175,1,,,0,100,,176,1,,,0,100,,177,1,,,0
41100,'c_71429_b_85183_d_32',915,,179,1,,,0,600,,180,1,,,0
41101,'c_71429_b_85183_d_31',650,,181,13,4,,0,100,,182,13,4,,0,100,,183,13,4,,0,100,,208,13,4,,0,200,,184,13,4,,0,100,,185,13,4,,0,200,,186,13,4,,0,100,,187,13,4,,0,100,,188,13,4,,0,100,,189,13,4,,0
41101,'c_71429_b_85183_d_32',950,,191,13,4,,0,600,,192,13,4,,0
43300,'c_71429_b_85183_d_31',820,,193,1,,,0,30,,193,4,4,,0,270,,194,1,,,0,30,,194,4,4,,0,270,,195,1,,,0,30,,195,4,4,,0,170,,196,1,,,0,30,,196,4,4,,0,170,,197,1,0,7 8 6,0
51100,'c_71429_b_85183_d_31',825,,198,5,4,,0,300,,201,4,4,,0,230,,199,5,4,,0,174,,202,5,4,,0,296,,200,6,4,,0
51101,'c_71429_b_85183_d_31',625,,203,1,,,0,375,,206,1,0,9 10 4 11,0,200,,204,1,,,0,200,,207,1,0,9 10 4 11,0,230,,205,1,,,0
