3000,770744,1,0
3000,770717,2,0
3000,770565,3,0
3000,3475205,4,0
3000,770585,5,0
3000,770686,6,0
3000,770687,7,0
3000,770688,8,0
3000,770586,9,0
3000,770689,10,0
3000,770690,11,0
3000,770691,12,0
3000,770692,13,0
3000,770634,14,0
3000,770560,15,0
3000,770562,16,0
3000,770572,17,0
3000,770582,18,0
3000,770736,19,0
3000,770587,20,0
3000,770595,21,0
3000,770657,22,0
3000,770606,23,0
3000,770613,24,0
3000,770624,25,0
3000,770635,26,0
3000,770563,27,0
3000,770554,28,0
3000,770700,29,0
3000,770701,30,0
3000,770702,31,0
3000,770704,32,0
3000,770705,33,0
3000,770706,34,0
3000,770666,35,0
3000,770667,36,0
3000,770668,37,0
3000,770669,38,0
3000,770670,39,0
3000,770671,40,0
3000,770673,41,0
3000,770674,42,0
3000,770739,43,0
3000,770675,44,0
3000,770676,45,0
3000,2577977,46,0
3100,770744,1,0
3100,770539,2,0
3100,770623,3,0
3100,770661,4,0
3100,770740,5,0
3100,770672,6,0
3100,770683,7,0
3100,770693,8,0
3100,770703,9,0
3100,770715,10,0
3100,770725,11,0
3100,770540,12,0
3100,770550,13,0
3100,770634,14,0
3100,770560,15,0
3100,770562,16,0
3100,770572,17,0
3100,770582,18,0
3100,770736,19,0
3100,770587,20,0
3100,770595,21,0
3100,770606,22,0
3100,770613,23,0
3100,770624,24,0
3100,770635,25,0
3100,770563,26,0
3100,770554,27,0
3100,770656,28,0
3100,770697,29,0
3100,770657,30,0
3100,770658,31,0
3100,770659,32,0
3100,770737,33,0
3100,770660,34,0
3100,770662,35,0
3100,770663,36,0
3100,770664,37,0
3100,770665,38,0
3100,770666,39,0
3100,770667,40,0
3100,770668,41,0
3100,770669,42,0
3100,770670,43,0
3100,770671,44,0
3100,770673,45,0
3100,770674,46,0
3100,770739,47,0
3100,770675,48,0
3100,770676,49,0
3100,2577977,50,0
3200,770744,1,0
3200,770679,2,0
3200,770680,3,0
3200,770681,4,0
3200,770682,5,0
3200,770714,6,0
3200,770684,7,0
3200,809019,8,0
3200,770585,9,0
3200,770686,10,0
3200,770687,11,0
3200,770688,12,0
3200,770586,13,0
3200,770689,14,0
3200,770690,15,0
3200,770691,16,0
3200,770692,17,0
3200,770694,18,0
3200,770695,19,0
3200,770696,20,0
3200,771472,21,0
3200,770698,22,0
3200,770574,23,0
3200,770699,24,0
3200,770700,25,0
3200,770701,26,0
3200,770702,27,0
3200,770704,28,0
3200,770705,29,0
3200,770706,30,0
3200,770707,31,0
3200,770708,32,0
3200,770710,33,0
3200,770711,34,0
3200,770712,35,0
3200,770713,36,0
3200,770716,37,0
3200,2753568,38,0
3300,770744,1,0
3300,770717,2,0
3300,770718,3,0
3300,770719,4,0
3300,770720,5,0
3300,770574,6,0
3300,770721,7,0
3300,770722,8,0
3300,770723,9,0
3300,770726,10,0
3300,770727,11,0
3300,770728,12,0
3300,770729,13,0
3300,770730,14,0
3300,770731,15,0
3300,770732,16,0
3300,770733,17,0
3300,781801,18,0
3300,770734,19,0
3300,770735,20,0
3300,770541,21,0
3300,770542,22,0
3300,770576,23,0
3300,808168,24,0
3300,808169,25,0
3300,770561,26,0
3300,770545,27,0
3300,770546,28,0
3300,770547,29,0
3300,770548,30,0
3300,770549,31,0
3300,770551,32,0
3300,770552,33,0
3300,770553,34,0
3300,770563,35,0
3300,770554,36,0
3300,770555,37,0
3300,770556,38,0
3300,808171,39,0
3300,808173,40,0
3300,770688,41,0
4400,770567,1,0
4400,770738,2,0
4400,770568,3,0
4400,770569,4,0
4400,770570,5,0
4400,770584,6,0
4400,770573,7,0
4400,770720,8,0
4400,770574,9,0
4400,818208,10,0
4400,818209,11,0
4400,770575,12,0
4400,818210,13,0
4400,818211,14,0
4400,770741,15,0
4400,770542,16,0
4400,770576,17,0
4400,2430990,18,0
4400,770561,19,0
4400,770545,20,0
4400,770546,21,0
4400,770547,22,0
4400,770548,23,0
4400,770549,24,0
4400,770551,25,0
4400,770552,26,0
4400,770553,27,0
4400,770563,28,0
4400,770554,29,0
4400,770742,30,0
4400,770564,31,0
4400,770565,32,0
4400,770566,33,0
4400,781818,34,0
4500,770744,1,0
4500,770577,2,0
4500,770578,3,0
4500,770579,4,0
4500,770580,5,0
4500,770581,6,0
4500,770569,7,0
4500,808172,8,0
4500,770567,9,0
4500,781817,10,0
4500,770584,11,0
4500,770573,12,0
4500,770585,13,0
4500,770686,14,0
4500,770687,15,0
4500,770688,16,0
4600,770567,1,0
4600,781817,2,0
4600,770596,3,0
4600,770588,4,0
4600,770589,5,0
4600,770590,6,0
4600,770591,7,0
4600,770594,8,0
4600,770647,9,0
4600,770655,10,0
4600,770598,11,0
4600,770599,12,0
4600,770600,13,0
4600,2752251,14,0
4600,770569,15,0
4600,808172,16,0
4600,770570,17,0
4600,770584,18,0
4600,770573,19,0
4600,770585,20,0
4600,770686,21,0
4600,770687,22,0
4600,770688,23,0
4600,770586,24,0
4600,770703,25,0
4600,770693,26,0
4600,770673,27,0
4600,770674,28,0
4600,2753568,29,0
4600,770744,30,0
4600,770682,31,0
5700,770567,1,0
5700,770621,2,0
5700,770622,3,0
5700,770625,4,0
5700,770626,5,0
5700,770627,6,0
5700,770628,7,0
5700,770629,8,0
5700,770630,9,0
5700,770631,10,0
5700,770632,11,0
5700,770633,12,0
5700,770568,13,0
5700,770569,14,0
5700,781805,15,0
5700,808183,16,0
5700,808184,17,0
5700,770636,18,0
5700,770637,19,0
5700,770638,20,0
5700,770639,21,0
5700,770640,22,0
5700,770602,23,0
5700,770642,24,0
5700,770643,25,0
5700,770644,26,0
5700,770645,27,0
5700,770646,28,0
5700,770596,29,0
5700,771469,30,0
5700,770648,31,0
5700,770649,32,0
5700,770650,33,0
5700,770592,34,0
5700,770651,35,0
5700,770652,36,0
5700,770653,37,0
5700,770654,38,0
5700,770655,39,0
5700,770685,40,0
5700,781807,41,0
5700,770566,42,0
5700,781818,43,0
41100,770744,1,0
41100,770577,2,0
41100,770578,3,0
41100,770579,4,0
41100,770580,5,0
41100,770581,6,0
41100,3478044,7,0
41100,3478045,8,0
41100,3478038,9,0
41100,3478046,10,0
41100,3478047,11,0
41100,3478048,12,0
41100,3478039,13,0
41100,4230369,14,1
41101,4230369,1,0
41101,3478049,2,0
41101,3478050,3,0
41101,3478040,4,0
41101,3478051,5,0
41101,3478052,6,0
41101,3478053,7,0
41101,3478038,8,0
41101,3478054,9,0
41101,3478041,10,0
41101,3478042,11,0
41101,3478043,12,0
41101,770744,13,1
43300,770744,1,0
43300,4254468,2,0
43300,4254470,3,0
51100,4254474,1,0
51100,4254473,2,0
51100,4254472,3,0
51100,4254471,4,0
51100,770744,5,1
51101,770744,1,0
51101,4254471,2,0
51101,4254472,3,0
51101,4254473,4,0
51101,4254474,5,1
