30,3000,'c_71429_b_85183_d_31',1,2,3,4,5,6,7
31,3100,'c_71429_b_85183_d_31',8,9,10,11,12,13,14,15,16,17,18,19,20
31,3100,'c_71429_b_85183_d_32',21,22,23,24,25,26,27,28,29,30
32,3200,'c_71429_b_85183_d_31',31,32,33,34,35,36,37,38,39,40,41,42,43
32,3200,'c_71429_b_85183_d_32',44,45,46,47,48,49,50,51,52,53
33,3300,'c_71429_b_85183_d_31',54,55,56,57,58,59,60,61,62,63,64,65,66
33,3300,'c_71429_b_85183_d_32',67,68,69,70,71,72,73,74,75,76
44,4400,'c_71429_b_85183_d_31',77,78,79,80,81,82,83,84,85,86,87,88,89
45,4500,'c_71429_b_85183_d_31',90,91,92,93,94,95,96,97,98,99,100,101,102,103,104,105,106,107,108,109,110,111,112,113,114,115,116,117,118,119,120,121,122
45,4500,'c_71429_b_85183_d_32',123,124,125,126,127,128,129,130,131,132,133,134,135,136,137,138,139
46,4600,'c_71429_b_85183_d_31',140,141,142,143,144,145
57,5700,'c_71429_b_85183_d_31',146,147,148,149,150,151,152,153,154,155,156,157,158
57,5700,'c_71429_b_85183_d_32',159,160,161,162,163,164,165,166,167,168
411,41100,'c_71429_b_85183_d_31',169,170,171,172,173,174,175,176,177,178
411,41100,'c_71429_b_85183_d_32',179,180
411,41101,'c_71429_b_85183_d_31',181,182,183,184,185,186,187,188,189,190
411,41101,'c_71429_b_85183_d_32',191,192
433,43300,'c_71429_b_85183_d_31',193,194,195,196,197
511,51100,'c_71429_b_85183_d_31',198,199,200,201,202
511,51101,'c_71429_b_85183_d_31',203,204,205,206,207
